- stats:
    num_ctypes: 17
    num_subcats: 48
    num_tools: 377
    num_topcats: 8
  timestamp: '2014-11-14T22:09:35.975018'
- stats:
    num_ctypes: 17
    num_subcats: 49
    num_tools: 376
    num_topcats: 8
  timestamp: '2014-11-21T23:27:50.334526'
- stats:
    num_ctypes: 17
    num_subcats: 49
    num_tools: 377
    num_topcats: 8
  timestamp: '2014-11-24T01:04:01.702255'
